# N       Linear Search       Binary Search       Rec Bin Search      Ternary Search      Rec Ternary Search  Jump Search         Fibbonacci Search   
100000000 6.01233             3.18087e-05         3.38708e-05         3.17987e-05         3.45707e-05         0.00587164          2.76677e-05         
116000000 6.97146             3.18017e-05         3.45638e-05         3.11157e-05         3.52709e-05         0.00627253          2.69746e-05         
132000000 7.99039             3.18087e-05         3.59639e-05         3.18017e-05         3.59568e-05         0.00717467          2.62746e-05         
148000000 8.89555             3.25087e-05         3.52638e-05         3.24918e-05         3.52638e-05         0.00775803          2.69647e-05         
164000000 9.85615             3.25018e-05         3.52638e-05         3.24987e-05         3.59638e-05         0.0098902           2.83506e-05         
180000000 10.8213             3.18088e-05         3.52569e-05         3.18018e-05         3.59638e-05         0.012003            2.62746e-05         
196000000 11.7363             3.17987e-05         3.52638e-05         3.18087e-05         3.52639e-05         0.0138137           2.62746e-05         
212000000 12.6943             3.17987e-05         3.52638e-05         3.18087e-05         3.52638e-05         0.0160684           2.62746e-05         
228000000 13.6505             3.18088e-05         3.59849e-05         3.18088e-05         3.52709e-05         0.0177164           2.62676e-05         
244000000 14.8609             3.18087e-05         3.52638e-05         3.18088e-05         3.59639e-05         0.0205518           2.69576e-05         
260000000 15.5675             3.18088e-05         3.52638e-05         3.18087e-05         3.52638e-05         0.0218099           2.76506e-05         
276000000 16.5272             3.25088e-05         3.52568e-05         3.24917e-05         3.52568e-05         0.0236826           2.62676e-05         
292000000 17.6394             3.25018e-05         3.59639e-05         3.17988e-05         3.52569e-05         0.0236069           2.62746e-05         
308000000 18.5758             3.24917e-05         3.52568e-05         3.18088e-05         3.59568e-05         0.0258343           2.69746e-05         
324000000 19.4019             3.18089e-05         3.59468e-05         3.18087e-05         3.66499e-05         0.0261905           2.62746e-05         
340000000 20.3598             3.24918e-05         3.52568e-05         3.24917e-05         3.52569e-05         0.0259034           2.62747e-05         
356000000 21.3181             3.24918e-05         3.66568e-05         3.18088e-05         3.66398e-05         0.0270918           2.62676e-05         
372000000 22.2807             3.24917e-05         3.59568e-05         3.25017e-05         3.52638e-05         0.0273467           2.69677e-05         
388000000 23.234              3.17987e-05         3.59639e-05         3.17987e-05         3.5978e-05          0.0280103           2.69676e-05         
404000000 24.1913             3.24918e-05         3.52639e-05         3.24917e-05         3.66568e-05         0.028766            2.69676e-05         
420000000 25.1508             3.25018e-05         3.52568e-05         3.25087e-05         3.59568e-05         0.0293204           2.76536e-05         
436000000 26.1152             3.24846e-05         3.52496e-05         3.24989e-05         3.66468e-05         0.0293632           2.69746e-05         
452000000 27.0694             3.25088e-05         3.52468e-05         3.25088e-05         3.66568e-05         0.0302731           2.62676e-05         
468000000 832.599             3.31918e-05         3.59468e-05         3.24917e-05         3.59639e-05         0.0312692           2.62746e-05         
484000000 720.455             3.25018e-05         3.66498e-05         3.18088e-05         3.59638e-05         0.032239            2.62747e-05         
